1 0.634532 0.473894 0.381311 0.356151
0 0.102412 0.058451 0.204825 0.116901
0 0.207238 0.024041 0.211043 0.048082
0 0.215068 0.085653 0.194687 0.170567
0 0.043832 0.215786 0.087664 0.235132
0 0.086332 0.248148 0.172663 0.222533
0 0.168885 0.282639 0.177626 0.204715
0 0.518684 0.027269 0.198356 0.054538
0 0.387186 0.126570 0.198624 0.226558
0 0.471947 0.162120 0.179837 0.206137
0 0.514511 0.222524 0.201892 0.195938
0 0.059990 0.520047 0.119980 0.281356
0 0.371578 0.361870 0.185897 0.187795
0 0.311610 0.399155 0.195154 0.216759
0 0.897634 0.082408 0.204732 0.164816
0 0.797194 0.102481 0.231217 0.203808
0 0.730216 0.196587 0.209515 0.183902
0 0.906501 0.343906 0.177952 0.187267
0 0.933517 0.640722 0.132967 0.167480
0 0.962400 0.769256 0.075201 0.207313
0 0.897605 0.967028 0.204790 0.065944
0 0.810948 0.816937 0.208053 0.199712
0 0.348839 0.598429 0.149684 0.205331
0 0.230834 0.653923 0.238198 0.196321
0 0.423544 0.690131 0.182911 0.195423
0 0.037233 0.867828 0.074465 0.172839
0 0.083703 0.860747 0.167405 0.211955
0 0.245979 0.770976 0.198800 0.179670
0 0.291962 0.856471 0.204389 0.195361
0 0.594697 0.809100 0.225946 0.176208
0 0.520304 0.904907 0.205648 0.170862
0 0.329484 0.980629 0.208308 0.038741
