0 0.144322 0.164837 0.251923 0.212815
0 0.214871 0.029101 0.236681 0.058202
0 0.557361 0.060150 0.188726 0.120301
0 0.742272 0.064717 0.224370 0.129435
0 0.843939 0.159217 0.283132 0.223253
0 0.748589 0.313375 0.238363 0.207045
0 0.101601 0.373291 0.203202 0.196716
0 0.309975 0.458189 0.238486 0.191648
0 0.122320 0.605309 0.241276 0.225769
0 0.114083 0.879000 0.208558 0.210459
0 0.353714 0.864011 0.213691 0.199360
0 0.887469 0.474890 0.204506 0.252470
0 0.975270 0.720140 0.049459 0.171638
0 0.491884 0.961847 0.190522 0.076306
0 0.615971 0.900942 0.228559 0.198116
0 0.751153 0.908078 0.192523 0.183844
0 0.934840 0.900438 0.130319 0.186616
1 0.934840 0.900438 0.130319 0.186616
1 0.541893 0.591081 0.599785 0.409482
