1 0.396515 0.734540 0.247679 0.312399
0 0.185283 0.169197 0.234855 0.190407
0 0.226336 0.067289 0.235709 0.130060
0 0.464214 0.103403 0.221295 0.203178
0 0.741175 0.151119 0.238039 0.240655
0 0.933296 0.335794 0.133407 0.213470
0 0.371708 0.332216 0.213056 0.215500
0 0.149010 0.354687 0.222943 0.189116
0 0.101133 0.483679 0.196893 0.212347
0 0.113275 0.652932 0.195907 0.215575
0 0.280453 0.613433 0.185624 0.248921
0 0.722454 0.505780 0.196369 0.199404
0 0.908688 0.554608 0.182625 0.223577
0 0.651747 0.640229 0.225413 0.247199
0 0.833300 0.771361 0.226712 0.229394
0 0.767944 0.934523 0.214086 0.130954
0 0.531367 0.947653 0.245460 0.104694
0 0.548929 0.886338 0.201782 0.153207
0 0.198483 0.851884 0.190600 0.249709
0 0.069603 0.873890 0.130478 0.204790
