1 0.366203 0.667169 0.406836 0.401260
0 0.142895 0.069733 0.223097 0.139467
0 0.352719 0.107726 0.227307 0.215451
0 0.530076 0.053203 0.254030 0.106407
0 0.695079 0.111141 0.216028 0.222282
0 0.059309 0.276348 0.118619 0.219754
0 0.144635 0.418068 0.213223 0.212483
0 0.378063 0.332304 0.263216 0.203583
0 0.651031 0.218177 0.219974 0.190195
0 0.876909 0.273567 0.204644 0.241760
0 0.950359 0.254237 0.099281 0.211818
0 0.625733 0.410938 0.264150 0.186817
0 0.752651 0.548705 0.188381 0.207648
0 0.844908 0.527615 0.169611 0.217759
0 0.971075 0.481607 0.057849 0.189345
0 0.972531 0.598859 0.054939 0.136829
0 0.059862 0.615510 0.119724 0.186434
0 0.064396 0.720531 0.128792 0.167713
0 0.141792 0.892552 0.261415 0.203499
0 0.384785 0.928970 0.198527 0.127572
0 0.506190 0.891622 0.205463 0.129593
0 0.707020 0.748161 0.226549 0.167986
0 0.664496 0.878728 0.200875 0.186580
0 0.879637 0.877402 0.230024 0.225669
