0 0.099735 0.080967 0.199469 0.161934
0 0.405632 0.101328 0.238172 0.202656
0 0.658235 0.099457 0.256969 0.198913
0 0.910459 0.239706 0.179081 0.212619
0 0.709771 0.260242 0.218896 0.255360
0 0.436652 0.198672 0.246363 0.212004
0 0.281097 0.355011 0.269130 0.234288
0 0.561021 0.378856 0.262649 0.240929
0 0.239241 0.559125 0.240998 0.205837
0 0.171490 0.714445 0.240560 0.217196
0 0.120850 0.866132 0.241700 0.219602
0 0.478646 0.592902 0.217893 0.215231
0 0.674088 0.563115 0.171998 0.192669
0 0.907045 0.516220 0.185909 0.267343
0 0.673199 0.712150 0.226102 0.212524
0 0.490424 0.812188 0.207255 0.213294
0 0.498671 0.927734 0.209575 0.144531
0 0.811768 0.882261 0.264116 0.225450
0 0.941276 0.848935 0.117447 0.213039
0 0.881333 0.031448 0.220313 0.062897
