1 0.735047 0.291892 0.380985 0.406554
0 0.037039 0.076546 0.074078 0.153092
0 0.183726 0.058026 0.223453 0.116051
0 0.319548 0.055077 0.117668 0.110154
0 0.482072 0.118630 0.201672 0.225369
0 0.935895 0.046780 0.128210 0.085202
0 0.966841 0.146561 0.066318 0.172254
0 0.020793 0.247215 0.041586 0.172196
0 0.028887 0.358941 0.057775 0.183012
0 0.159496 0.233382 0.215843 0.231006
0 0.171681 0.429467 0.218019 0.220591
0 0.261954 0.420001 0.192560 0.191239
0 0.472546 0.514819 0.215385 0.217940
0 0.406398 0.582839 0.243302 0.206450
0 0.179685 0.666780 0.239805 0.209784
0 0.674009 0.600961 0.215504 0.222286
0 0.767699 0.612942 0.205116 0.222467
0 0.938425 0.641015 0.123150 0.241531
0 0.914144 0.937192 0.171712 0.125617
0 0.730138 0.962305 0.182867 0.075390
0 0.716143 0.900976 0.222995 0.165080
0 0.469010 0.827321 0.239809 0.241558
0 0.332276 0.789529 0.214580 0.200218
0 0.362528 0.949846 0.210841 0.100307
0 0.059140 0.959442 0.118280 0.081115
0 0.157162 0.896103 0.245904 0.207793
