1 0.772033 0.590995 0.378646 0.355372
0 0.073651 0.107473 0.147301 0.214945
0 0.415401 0.030426 0.195674 0.060853
0 0.555958 0.061782 0.245609 0.123564
0 0.916533 0.022048 0.166934 0.044096
0 0.825533 0.114041 0.222683 0.190966
0 0.976860 0.181753 0.046280 0.238048
0 0.201020 0.231319 0.206437 0.209854
0 0.376707 0.187553 0.249450 0.227091
0 0.618735 0.211043 0.191441 0.169585
0 0.051702 0.427069 0.103403 0.229192
0 0.211473 0.454389 0.187689 0.196140
0 0.331536 0.520467 0.197818 0.213664
0 0.449507 0.313966 0.193485 0.155211
0 0.762679 0.265828 0.197206 0.136706
0 0.496420 0.493009 0.150243 0.180062
0 0.975849 0.476921 0.044981 0.134499
0 0.045864 0.640806 0.091729 0.173284
0 0.234615 0.718563 0.211655 0.173738
0 0.149180 0.799993 0.220745 0.191622
0 0.486473 0.745145 0.229597 0.293876
0 0.378014 0.924227 0.223563 0.151547
