1 0.513846 0.379395 0.411887 0.450685
0 0.452623 0.051204 0.243544 0.102408
0 0.732508 0.129965 0.161447 0.182317
0 0.888879 0.270780 0.187998 0.226902
0 0.322349 0.133385 0.235560 0.186690
0 0.215262 0.349059 0.200051 0.267594
0 0.199752 0.556944 0.256438 0.189328
0 0.345646 0.673401 0.238422 0.220014
0 0.767563 0.504190 0.235670 0.214298
0 0.780512 0.671507 0.163820 0.231429
0 0.617271 0.717184 0.204041 0.208317
0 0.074646 0.797322 0.149292 0.249758
0 0.179769 0.943287 0.237779 0.113427
0 0.401547 0.885076 0.206120 0.219613
0 0.623441 0.909978 0.227989 0.180044
0 0.828178 0.939629 0.231812 0.120741
0 0.912290 0.754019 0.174971 0.221820
0 0.975898 0.904310 0.048205 0.181850
