1 0.448882 0.631463 0.407496 0.438033
0 0.033586 0.060564 0.067173 0.121129
0 0.235406 0.140319 0.221110 0.214985
0 0.132491 0.348938 0.233186 0.243042
0 0.386164 0.295655 0.223806 0.220873
0 0.630892 0.171527 0.225858 0.217429
0 0.838124 0.117828 0.240853 0.235657
0 0.946176 0.269923 0.107649 0.217226
0 0.962516 0.437537 0.074967 0.192357
0 0.972758 0.641847 0.054485 0.204019
0 0.855922 0.781754 0.267941 0.245812
0 0.888560 0.959066 0.207335 0.081868
0 0.671505 0.967971 0.206102 0.064059
0 0.097577 0.866221 0.195154 0.217706
0 0.701973 0.390828 0.209066 0.208965
