1 0.397726 0.511446 0.350448 0.352734
0 0.211558 0.029541 0.209537 0.059083
0 0.157565 0.108373 0.202407 0.196823
0 0.206851 0.195475 0.227787 0.220785
0 0.194284 0.352595 0.204345 0.252365
0 0.133152 0.546032 0.170131 0.223211
0 0.044953 0.390530 0.082894 0.196814
0 0.033241 0.768340 0.066481 0.223916
0 0.173564 0.832809 0.204477 0.207780
0 0.434483 0.780600 0.195682 0.170919
0 0.598471 0.913316 0.222511 0.170928
0 0.665166 0.764251 0.230319 0.163922
0 0.792749 0.839809 0.178181 0.175918
0 0.913446 0.938112 0.164177 0.123776
0 0.936872 0.660705 0.126255 0.231244
0 0.911515 0.584451 0.176970 0.202856
0 0.654013 0.327284 0.225444 0.195004
0 0.499487 0.179615 0.195246 0.207278
0 0.716057 0.171395 0.208379 0.212646
0 0.550722 0.035947 0.213505 0.070748
0 0.803247 0.039382 0.213007 0.075698
0 0.914159 0.124943 0.171681 0.206965
