1 0.699230 0.539571 0.260195 0.400124
0 0.076868 0.070121 0.153735 0.140242
0 0.029147 0.211550 0.058294 0.244988
0 0.283644 0.052666 0.213972 0.105332
0 0.365441 0.043231 0.218032 0.086462
0 0.822142 0.039177 0.219195 0.078354
0 0.685712 0.089003 0.250238 0.178005
0 0.966134 0.114393 0.067732 0.170021
0 0.172064 0.244123 0.221313 0.221529
0 0.399118 0.215165 0.205367 0.249287
0 0.549826 0.315343 0.189077 0.197528
0 0.617758 0.246272 0.208696 0.206697
0 0.905876 0.311108 0.188249 0.230790
0 0.025137 0.572241 0.050275 0.199787
0 0.228441 0.443368 0.187698 0.183400
0 0.160905 0.535619 0.201601 0.215209
0 0.411502 0.484454 0.192472 0.196052
0 0.269740 0.694727 0.204794 0.231292
0 0.372926 0.749416 0.203125 0.239153
0 0.047474 0.938180 0.094948 0.123639
0 0.078367 0.831360 0.156734 0.211206
0 0.304985 0.970131 0.203358 0.059739
0 0.337842 0.939092 0.192269 0.121816
0 0.600757 0.819562 0.224651 0.237489
0 0.924537 0.764561 0.150926 0.203720
0 0.963866 0.941312 0.072268 0.117377
0 0.781237 0.956166 0.192785 0.087668
