1 0.493048 0.485802 0.233138 0.229892
0 0.261342 0.047335 0.217918 0.094670
0 0.909278 0.057548 0.181445 0.115096
0 0.938524 0.151062 0.122952 0.181440
0 0.748038 0.116305 0.198417 0.223167
0 0.549103 0.097291 0.194097 0.194581
0 0.449633 0.155935 0.208454 0.233146
0 0.327061 0.212754 0.218191 0.235665
0 0.104518 0.262097 0.192089 0.173425
0 0.105262 0.384561 0.203398 0.258174
0 0.355251 0.328882 0.230892 0.183810
0 0.669638 0.326447 0.188081 0.182154
0 0.884966 0.359170 0.193780 0.230618
0 0.266134 0.523171 0.197545 0.210819
0 0.201533 0.748835 0.225898 0.216042
0 0.086699 0.907765 0.173399 0.177521
0 0.729764 0.577473 0.213421 0.207828
0 0.929124 0.599065 0.141752 0.231028
0 0.679566 0.800118 0.231068 0.200100
0 0.809470 0.795521 0.180005 0.205120
0 0.493293 0.917887 0.203424 0.164225
0 0.705675 0.962430 0.191199 0.075139
0 0.845117 0.952894 0.171192 0.094212
