1 0.466986 0.474543 0.349946 0.354148
0 0.045131 0.067844 0.090262 0.135688
0 0.217742 0.078365 0.203407 0.156730
0 0.274728 0.155431 0.222546 0.219419
0 0.564667 0.140627 0.211131 0.214870
0 0.639740 0.017638 0.139401 0.035275
0 0.780537 0.131782 0.203301 0.216486
0 0.947074 0.097068 0.105852 0.173271
0 0.717442 0.289501 0.228350 0.188253
0 0.075793 0.381110 0.151586 0.249141
0 0.103628 0.472073 0.192970 0.222824
0 0.192439 0.524228 0.188412 0.183127
0 0.258050 0.316063 0.204569 0.244759
0 0.943610 0.575630 0.112779 0.271037
0 0.029601 0.789274 0.059201 0.171073
0 0.063379 0.723770 0.126757 0.260296
0 0.237387 0.795008 0.205433 0.206225
0 0.496514 0.738942 0.189134 0.159007
0 0.730334 0.716026 0.220736 0.144619
0 0.664917 0.876189 0.223894 0.182506
0 0.860795 0.802215 0.169801 0.192631
0 0.944262 0.911466 0.111476 0.160649
