1 0.452687 0.378497 0.403894 0.366800
0 0.128697 0.095309 0.253061 0.179872
0 0.295745 0.167368 0.188649 0.217416
0 0.133141 0.268045 0.176697 0.196048
0 0.026899 0.510409 0.053798 0.189063
0 0.103573 0.488136 0.151199 0.217948
0 0.188156 0.648272 0.207969 0.213250
0 0.023783 0.774941 0.047566 0.188861
0 0.080618 0.879567 0.161235 0.205565
0 0.321160 0.830074 0.221221 0.163591
0 0.267204 0.959599 0.227227 0.080803
0 0.518225 0.922950 0.235014 0.154101
0 0.811894 0.981065 0.183937 0.037869
0 0.533155 0.103714 0.220331 0.195352
0 0.921225 0.110731 0.157549 0.221463
0 0.732111 0.069412 0.203125 0.138824
0 0.753587 0.217008 0.195396 0.172663
0 0.940316 0.408859 0.119367 0.202751
0 0.926270 0.626193 0.147460 0.214223
0 0.986139 0.803472 0.027722 0.126119
