1 0.504895 0.545323 0.382086 0.407426
0 0.082753 0.024849 0.165507 0.049698
0 0.200956 0.135215 0.210898 0.244182
0 0.425834 0.064424 0.240003 0.128849
0 0.757372 0.066036 0.233556 0.132073
0 0.037382 0.250205 0.074765 0.210731
0 0.073140 0.269503 0.146280 0.195467
0 0.247767 0.378349 0.217702 0.222973
0 0.740479 0.236460 0.200148 0.194163
0 0.940499 0.382035 0.119002 0.204477
0 0.792191 0.412682 0.172373 0.197492
0 0.857431 0.518307 0.222542 0.203460
0 0.061606 0.673416 0.123212 0.190380
0 0.175964 0.834759 0.222665 0.216852
0 0.234661 0.754377 0.213457 0.199250
0 0.431257 0.856242 0.211770 0.203640
0 0.537466 0.861372 0.208379 0.215425
0 0.744949 0.896013 0.201372 0.207022
0 0.824611 0.848216 0.209916 0.179467
0 0.945691 0.925687 0.101254 0.148627
0 0.034767 0.918916 0.069040 0.162169
0 0.102542 0.975292 0.205085 0.049416
0 0.242397 0.982845 0.190067 0.034311
