1 0.525184 0.586957 0.413389 0.384006
0 0.062240 0.076009 0.124480 0.152018
0 0.256960 0.054163 0.232045 0.108327
0 0.469336 0.090432 0.206137 0.180863
0 0.754855 0.050920 0.201262 0.101840
0 0.765290 0.111537 0.194079 0.174077
0 0.963375 0.053531 0.073250 0.106085
0 0.947972 0.149924 0.104055 0.180106
0 0.275463 0.223475 0.238198 0.217808
0 0.523242 0.249421 0.227254 0.182185
0 0.664523 0.261538 0.200320 0.199276
0 0.742091 0.313095 0.184717 0.188337
0 0.960502 0.289677 0.078997 0.209885
0 0.919669 0.404306 0.160663 0.196726
0 0.912037 0.610432 0.175927 0.215315
0 0.805482 0.728848 0.191503 0.186232
0 0.088789 0.453689 0.177578 0.196484
0 0.115340 0.408919 0.191538 0.169779
0 0.251665 0.434840 0.197691 0.180727
0 0.059010 0.706661 0.118020 0.235238
0 0.211468 0.644322 0.192472 0.223361
0 0.087054 0.917561 0.174108 0.164877
0 0.304646 0.923727 0.210915 0.152546
0 0.519430 0.881619 0.216918 0.189535
0 0.645368 0.905898 0.191904 0.176534
0 0.823706 0.918044 0.174865 0.161050
0 0.970161 0.804447 0.059677 0.196303
0 0.961629 0.959420 0.076742 0.081159
