1 0.598478 0.766517 0.377981 0.405840
0 0.095093 0.108538 0.190186 0.217077
0 0.295622 0.180791 0.227721 0.217063
0 0.328711 0.028854 0.195735 0.057709
0 0.589428 0.065277 0.211708 0.130553
0 0.896181 0.048676 0.207639 0.097352
0 0.804329 0.144886 0.274164 0.219767
0 0.406512 0.361991 0.215857 0.206948
0 0.669680 0.343845 0.180943 0.208388
0 0.857957 0.360280 0.225382 0.267928
0 0.981365 0.370217 0.036160 0.158108
0 0.544140 0.515275 0.298434 0.229518
0 0.310025 0.689658 0.211448 0.202834
0 0.094334 0.734423 0.188667 0.191754
0 0.077925 0.912010 0.155849 0.159482
0 0.303950 0.878719 0.269426 0.167053
0 0.701595 0.958154 0.232847 0.083692
0 0.845791 0.793473 0.200355 0.261490
0 0.895104 0.560164 0.208709 0.199818
0 0.019401 0.272515 0.038803 0.173676
