1 0.394100 0.390916 0.331683 0.327332
0 0.064988 0.034870 0.129976 0.069740
0 0.066386 0.217099 0.132773 0.214998
0 0.133372 0.163180 0.232851 0.206890
0 0.317032 0.155565 0.219111 0.188958
0 0.529105 0.106244 0.197470 0.190098
0 0.589185 0.186648 0.169871 0.176274
0 0.654680 0.040073 0.186923 0.080146
0 0.846897 0.090020 0.211312 0.176684
0 0.969094 0.104385 0.061813 0.184814
0 0.814211 0.182929 0.221027 0.189156
0 0.916841 0.364849 0.166317 0.196229
0 0.829887 0.354368 0.222678 0.229407
0 0.883202 0.608948 0.200619 0.228606
0 0.682096 0.516224 0.208718 0.176173
0 0.658536 0.630100 0.206401 0.192758
0 0.017994 0.466938 0.035989 0.148856
0 0.142697 0.552193 0.201060 0.172866
0 0.134867 0.481030 0.169070 0.118451
0 0.070856 0.739624 0.141713 0.203609
0 0.187304 0.729883 0.212272 0.180286
0 0.425565 0.661383 0.223850 0.195026
0 0.468702 0.742595 0.208471 0.167282
0 0.774948 0.802263 0.230279 0.154123
0 0.948732 0.856515 0.102536 0.166375
0 0.885631 0.942377 0.218459 0.115245
0 0.624709 0.970089 0.218812 0.059822
0 0.253208 0.845672 0.216596 0.209964
0 0.066435 0.918539 0.132870 0.153365
0 0.212866 0.979872 0.165287 0.040256
