1 0.495206 0.416504 0.372344 0.416692
0 0.157236 0.154625 0.222740 0.203627
0 0.300640 0.088760 0.243148 0.177521
0 0.438189 0.072981 0.224603 0.145963
0 0.903163 0.049863 0.176649 0.099726
0 0.922045 0.209942 0.155911 0.193375
0 0.785013 0.344254 0.207472 0.211312
0 0.047023 0.438026 0.094045 0.210625
0 0.145555 0.362495 0.200381 0.219133
0 0.245667 0.436875 0.167665 0.257407
0 0.114243 0.685080 0.186571 0.229826
0 0.205893 0.659725 0.180775 0.190865
0 0.512326 0.690171 0.222740 0.187205
0 0.792806 0.551565 0.178358 0.185034
0 0.820310 0.614801 0.179023 0.203971
0 0.962875 0.670745 0.074250 0.193846
0 0.709083 0.758960 0.214866 0.177781
0 0.874339 0.815345 0.195577 0.188055
0 0.732457 0.884471 0.186351 0.215011
0 0.919389 0.957234 0.161222 0.085532
0 0.263830 0.851769 0.243249 0.198298
0 0.090579 0.937947 0.181158 0.117562
0 0.398737 0.914650 0.263432 0.155955
