1 0.530037 0.651060 0.429234 0.399226
0 0.100565 0.141578 0.201130 0.220023
0 0.323177 0.213963 0.252523 0.207890
0 0.435351 0.037169 0.184417 0.074338
0 0.609302 0.119636 0.228293 0.239272
0 0.852901 0.024521 0.275833 0.049042
0 0.867855 0.215027 0.203006 0.218067
0 0.138806 0.353295 0.198430 0.205895
0 0.552124 0.359351 0.228958 0.208722
0 0.706333 0.373428 0.208722 0.203530
0 0.316842 0.464969 0.231697 0.247459
0 0.104339 0.600120 0.208678 0.229614
0 0.814680 0.573122 0.222969 0.228624
0 0.176849 0.773418 0.217116 0.329953
0 0.365987 0.938372 0.170831 0.123256
0 0.490985 0.931229 0.244830 0.137542
0 0.746279 0.886763 0.226113 0.212294
0 0.037567 0.778150 0.068273 0.210893
