1 0.532529 0.544510 0.397817 0.411270
0 0.064709 0.078143 0.129417 0.156285
0 0.253528 0.074366 0.235397 0.148733
0 0.489272 0.048967 0.221577 0.097934
0 0.560615 0.062234 0.211070 0.124467
0 0.978494 0.076491 0.043013 0.152982
0 0.857605 0.121021 0.190732 0.198091
0 0.820907 0.203493 0.211299 0.223449
0 0.616514 0.227815 0.168775 0.205772
0 0.078488 0.335896 0.156836 0.194304
0 0.116738 0.523226 0.188680 0.209889
0 0.032873 0.653504 0.065746 0.155030
0 0.046104 0.778253 0.092209 0.167537
0 0.065283 0.868429 0.130567 0.163050
0 0.272460 0.957643 0.188680 0.084713
0 0.083487 0.951524 0.166973 0.096952
0 0.462992 0.850838 0.187328 0.168673
0 0.841759 0.530253 0.193454 0.183946
0 0.883376 0.641581 0.206710 0.203918
0 0.617542 0.795080 0.222718 0.170364
0 0.848033 0.838201 0.221397 0.188566
0 0.912931 0.912400 0.172650 0.157611
0 0.759563 0.977950 0.126537 0.044101
0 0.606272 0.924178 0.244614 0.149063
0 0.216537 0.559928 0.189539 0.179714
