1 0.465507 0.317932 0.409469 0.439460
0 0.039047 0.134409 0.078094 0.161530
0 0.060987 0.049106 0.121975 0.098211
0 0.197105 0.089751 0.202914 0.179503
0 0.321629 0.103086 0.172914 0.186003
0 0.705065 0.126396 0.220172 0.233019
0 0.778793 0.043453 0.222978 0.086906
0 0.924850 0.209826 0.150300 0.224515
0 0.061053 0.353361 0.122107 0.245680
0 0.160641 0.382291 0.177415 0.197325
0 0.079721 0.695834 0.159443 0.216121
0 0.273981 0.785535 0.225624 0.229698
0 0.480918 0.669818 0.222934 0.233750
0 0.645557 0.757755 0.203627 0.292753
0 0.596853 0.941677 0.230618 0.116646
0 0.852018 0.973367 0.163036 0.053265
0 0.950692 0.903438 0.098616 0.191292
0 0.974057 0.761265 0.051887 0.097863
0 0.953361 0.604524 0.093279 0.173932
0 0.840879 0.476168 0.217834 0.220296
