1 0.366903 0.453281 0.260186 0.256293
0 0.059538 0.088311 0.119077 0.176622
0 0.217444 0.141823 0.206996 0.208040
0 0.786222 0.036381 0.246635 0.072761
0 0.918993 0.156290 0.162015 0.234551
0 0.806911 0.190686 0.197823 0.217231
0 0.715308 0.235531 0.200505 0.215945
0 0.582073 0.357197 0.220666 0.213364
0 0.241725 0.249403 0.198386 0.136921
0 0.122415 0.420538 0.202447 0.228786
0 0.026958 0.492703 0.053917 0.187474
0 0.060661 0.688220 0.121323 0.180626
0 0.064836 0.917881 0.129673 0.164239
0 0.193525 0.793537 0.216592 0.211246
0 0.275802 0.921730 0.204111 0.137445
0 0.463967 0.969109 0.164987 0.061782
0 0.541082 0.849286 0.199245 0.215121
0 0.624247 0.881335 0.189279 0.197977
0 0.524349 0.621884 0.209449 0.212527
0 0.742780 0.740681 0.201896 0.195128
0 0.708623 0.533210 0.210061 0.205626
0 0.839106 0.407813 0.219362 0.209493
0 0.963067 0.418880 0.070132 0.182004
0 0.927323 0.624934 0.145355 0.203424
0 0.926519 0.740441 0.146962 0.186562
0 0.960039 0.922789 0.079922 0.154422
0 0.912125 0.924916 0.161130 0.130958
