1 0.543711 0.494407 0.345868 0.345520
0 0.087902 0.049011 0.175803 0.098022
0 0.236489 0.122278 0.215253 0.203962
0 0.058904 0.222478 0.117808 0.214949
0 0.152762 0.212234 0.198536 0.222339
0 0.449802 0.108547 0.195246 0.217094
0 0.830384 0.043687 0.224088 0.087373
0 0.368249 0.285429 0.207969 0.214505
0 0.587197 0.217400 0.208066 0.212844
0 0.837463 0.233078 0.211162 0.214544
0 0.791936 0.338730 0.213223 0.217332
0 0.825780 0.530854 0.211541 0.209810
0 0.895394 0.641349 0.209211 0.232442
0 0.975195 0.315065 0.049610 0.199413
0 0.227771 0.485960 0.247635 0.239721
0 0.084053 0.637855 0.168105 0.223876
0 0.226327 0.716108 0.217028 0.248811
0 0.411526 0.901225 0.227945 0.190512
0 0.507608 0.965551 0.203341 0.068899
0 0.712518 0.969591 0.181414 0.060818
0 0.872624 0.851430 0.235507 0.211396
