0 0.049200 0.079720 0.098399 0.159441
0 0.162789 0.045952 0.208308 0.091904
0 0.201938 0.175305 0.208426 0.225446
0 0.421513 0.091120 0.252666 0.173944
0 0.409024 0.191595 0.212711 0.201233
0 0.633838 0.158028 0.203244 0.230601
0 0.736620 0.155626 0.208180 0.213326
0 0.924083 0.132534 0.151833 0.230838
0 0.889891 0.319043 0.215377 0.232565
0 0.682778 0.370914 0.211858 0.215810
0 0.457369 0.397362 0.240647 0.218686
0 0.491196 0.503241 0.264618 0.191894
0 0.107787 0.496951 0.215573 0.237210
0 0.209376 0.640452 0.250251 0.238769
0 0.070568 0.730485 0.141136 0.231061
0 0.146466 0.893788 0.227014 0.210938
0 0.290931 0.847294 0.241157 0.214151
0 0.791371 0.584374 0.239129 0.239908
0 0.894018 0.550670 0.192755 0.217852
0 0.692671 0.862563 0.230651 0.209930
0 0.905582 0.869806 0.184068 0.240378
1 0.905582 0.869806 0.184068 0.240378
1 0.484813 0.722093 0.269709 0.282987
