1 0.494260 0.795748 0.373903 0.313346
0 0.497327 0.025188 0.177442 0.050376
0 0.199379 0.022030 0.172373 0.044061
0 0.407767 0.074826 0.243310 0.149653
0 0.799498 0.054522 0.206556 0.109045
0 0.957637 0.068707 0.084726 0.137415
0 0.921173 0.161636 0.151939 0.204640
0 0.653401 0.155175 0.212866 0.215658
0 0.142140 0.159410 0.209537 0.227835
0 0.279383 0.240049 0.240646 0.221731
0 0.547736 0.331908 0.223026 0.182532
0 0.799599 0.330712 0.204301 0.179392
0 0.777907 0.439735 0.208119 0.184818
0 0.115512 0.407241 0.231024 0.211809
0 0.174240 0.532199 0.180868 0.173042
0 0.355222 0.442250 0.197858 0.192181
0 0.489094 0.496034 0.180352 0.149041
0 0.891493 0.640319 0.217015 0.195449
0 0.789620 0.705241 0.218006 0.175156
0 0.937090 0.842819 0.125819 0.177913
0 0.221613 0.712602 0.146667 0.181784
0 0.073974 0.741232 0.147949 0.218186
0 0.205314 0.910244 0.199487 0.179141
0 0.034780 0.931967 0.069559 0.129523
