0 0.163985 0.106057 0.214101 0.204739
0 0.069736 0.176472 0.139472 0.215044
0 0.383296 0.123473 0.222834 0.180927
0 0.452387 0.173081 0.198913 0.154960
0 0.753940 0.068729 0.243806 0.137457
0 0.868149 0.145197 0.229325 0.197519
0 0.126908 0.337444 0.196739 0.211644
0 0.289639 0.512247 0.210796 0.189989
0 0.097422 0.623204 0.193567 0.237101
0 0.163016 0.676011 0.147612 0.195189
0 0.069766 0.870670 0.139531 0.238450
0 0.427233 0.832378 0.228071 0.226098
0 0.439378 0.938455 0.238587 0.123090
0 0.836895 0.809783 0.199752 0.206352
0 0.231672 0.925027 0.165093 0.148916
0 0.960498 0.891272 0.079005 0.193699
0 0.856747 0.479819 0.137147 0.195873
0 0.959360 0.341405 0.080048 0.290599
0 0.934476 0.086562 0.125889 0.173124
0 0.959035 0.610148 0.076252 0.201835
1 0.564510 0.628829 0.418210 0.406259
