1 0.694918 0.323897 0.387397 0.376418
0 0.158828 0.066118 0.213214 0.132236
0 0.256762 0.144018 0.233375 0.214509
0 0.429613 0.139000 0.166405 0.250053
0 0.938222 0.446667 0.114871 0.245574
0 0.628635 0.087215 0.213796 0.172386
0 0.801479 0.057999 0.159901 0.114184
0 0.905763 0.046078 0.183285 0.092156
0 0.069780 0.224471 0.139559 0.200430
0 0.057711 0.347289 0.115422 0.211647
0 0.098323 0.527064 0.196647 0.202495
0 0.403753 0.578308 0.213404 0.235709
0 0.821502 0.588562 0.231759 0.174843
0 0.687271 0.626918 0.176887 0.186985
0 0.219490 0.694159 0.213157 0.192626
0 0.036883 0.766374 0.073765 0.202235
0 0.140513 0.912076 0.281025 0.175847
0 0.324681 0.887197 0.256844 0.225607
0 0.587950 0.828151 0.206956 0.228579
0 0.822814 0.776322 0.262120 0.202059
0 0.767398 0.937300 0.218578 0.120477
0 0.938070 0.866571 0.121059 0.249146
