1 0.258271 0.676257 0.393091 0.400798
0 0.072321 0.065768 0.144641 0.131535
0 0.334440 0.034778 0.210383 0.069555
0 0.930848 0.078576 0.138304 0.152978
0 0.535905 0.104553 0.261653 0.198827
0 0.188949 0.189876 0.232719 0.217081
0 0.037951 0.272847 0.075901 0.191076
0 0.087954 0.440045 0.175909 0.204878
0 0.475164 0.216359 0.241699 0.214927
0 0.709374 0.147123 0.231072 0.235322
0 0.882044 0.131806 0.194744 0.177261
0 0.828154 0.313707 0.228734 0.205582
0 0.674658 0.447103 0.215967 0.248208
0 0.462833 0.475045 0.227606 0.187134
0 0.544651 0.635895 0.223286 0.199787
0 0.666141 0.738195 0.196995 0.221591
0 0.901635 0.476391 0.196731 0.151133
0 0.833991 0.637688 0.220239 0.169946
0 0.880437 0.734906 0.199897 0.218032
0 0.491967 0.918074 0.188513 0.156840
0 0.154775 0.952566 0.123071 0.087162
