1 0.521854 0.484641 0.417440 0.421598
0 0.028658 0.046056 0.057317 0.092112
0 0.172685 0.015715 0.192961 0.031431
0 0.179276 0.150243 0.213258 0.199179
0 0.119764 0.244522 0.202588 0.184761
0 0.160687 0.324146 0.193987 0.214676
0 0.359798 0.217733 0.196783 0.170246
0 0.448895 0.184671 0.206855 0.141739
0 0.676561 0.089613 0.221947 0.179225
0 0.845932 0.031446 0.140673 0.062892
0 0.950104 0.114809 0.097440 0.225920
0 0.728837 0.272592 0.189345 0.179872
0 0.857640 0.233670 0.198730 0.237149
0 0.831994 0.389187 0.172505 0.190851
0 0.917920 0.368760 0.160372 0.222185
0 0.228665 0.532243 0.172417 0.228196
0 0.301979 0.705935 0.205415 0.208295
0 0.145764 0.760882 0.209211 0.197153
0 0.073415 0.807356 0.146830 0.219701
0 0.171580 0.940622 0.231997 0.118755
0 0.244867 0.921230 0.208000 0.157540
0 0.434118 0.863352 0.197629 0.225312
0 0.557352 0.949525 0.197682 0.100950
0 0.775752 0.967543 0.187416 0.064913
