1 0.583597 0.345194 0.267312 0.364131
0 0.121376 0.064237 0.242751 0.128475
0 0.365802 0.079576 0.212862 0.159152
0 0.913371 0.109716 0.173258 0.208088
0 0.375755 0.261525 0.195660 0.188398
0 0.126286 0.425618 0.215905 0.222326
0 0.097196 0.531177 0.194392 0.179939
0 0.337360 0.400203 0.198430 0.238911
0 0.898682 0.332144 0.202636 0.218913
0 0.349691 0.582218 0.225136 0.230143
0 0.248126 0.680980 0.210960 0.201465
0 0.103500 0.715324 0.201443 0.193489
0 0.048452 0.882951 0.096903 0.174117
0 0.235505 0.896691 0.222524 0.194286
0 0.433706 0.796628 0.227941 0.211193
0 0.543748 0.561969 0.208727 0.175790
0 0.739693 0.512128 0.189442 0.208471
0 0.903555 0.544017 0.192890 0.221322
0 0.642171 0.729835 0.199012 0.195647
0 0.500183 0.946563 0.205323 0.106874
0 0.624236 0.873104 0.179049 0.210123
0 0.824963 0.692087 0.144148 0.190235
0 0.944145 0.739743 0.111709 0.206771
0 0.808840 0.914560 0.197488 0.163420
0 0.959183 0.927133 0.081635 0.140088
