1 0.490314 0.355920 0.245019 0.264608
0 0.109260 0.140579 0.200430 0.220058
0 0.949481 0.061278 0.101038 0.122556
0 0.893633 0.402901 0.206296 0.218296
0 0.123829 0.375901 0.215729 0.229667
0 0.286343 0.534720 0.229482 0.217702
0 0.526624 0.596582 0.232829 0.210638
0 0.826405 0.620981 0.214703 0.207824
0 0.971853 0.585915 0.056295 0.210339
0 0.937079 0.812947 0.125841 0.245548
0 0.762280 0.850261 0.201377 0.212703
0 0.540018 0.809094 0.219948 0.204169
0 0.224184 0.964826 0.220811 0.070348
0 0.022671 0.872573 0.045342 0.169409
0 0.710279 0.980638 0.193458 0.038723
0 0.952638 0.975224 0.094723 0.049553
