0 0.278075 0.033839 0.227233 0.067678
0 0.130944 0.143565 0.213709 0.230172
0 0.070215 0.298735 0.140429 0.212496
0 0.236278 0.200041 0.199046 0.192619
0 0.147428 0.406941 0.197222 0.211361
0 0.690811 0.148077 0.196302 0.170590
0 0.848064 0.113286 0.188799 0.217373
0 0.865720 0.392362 0.171948 0.201402
0 0.221847 0.609956 0.195499 0.209985
0 0.182411 0.708715 0.211671 0.236704
0 0.042811 0.806116 0.085623 0.208955
0 0.443334 0.699606 0.191456 0.187837
0 0.706630 0.589459 0.221831 0.198508
0 0.889677 0.678958 0.209670 0.218431
0 0.768551 0.788110 0.218039 0.208731
0 0.457763 0.882029 0.258993 0.189834
0 0.372967 0.941536 0.230756 0.116928
0 0.592462 0.963109 0.196912 0.073781
0 0.873621 0.949460 0.213558 0.101079
0 0.962168 0.868505 0.074169 0.228905
1 0.434793 0.394982 0.397626 0.397900
