1 0.452770 0.522295 0.281325 0.350096
0 0.095150 0.045737 0.190301 0.091473
0 0.057226 0.186881 0.114453 0.211224
0 0.078088 0.361295 0.156175 0.219164
0 0.059917 0.524188 0.119834 0.217204
0 0.025129 0.693784 0.050257 0.166995
0 0.052265 0.952224 0.104531 0.095551
0 0.118764 0.812507 0.203671 0.231490
0 0.234553 0.368280 0.193696 0.223973
0 0.308244 0.028013 0.212871 0.056026
0 0.414816 0.087622 0.233908 0.175244
0 0.346758 0.229663 0.223462 0.214804
0 0.624269 0.018534 0.178798 0.037068
0 0.951804 0.148722 0.096392 0.234688
0 0.859179 0.143098 0.166066 0.286196
0 0.712558 0.210521 0.228844 0.291295
0 0.539076 0.369425 0.223004 0.242619
0 0.745169 0.414007 0.219411 0.226329
0 0.975829 0.551490 0.048341 0.172104
0 0.817589 0.588675 0.290943 0.210202
0 0.872142 0.748120 0.228923 0.181335
0 0.954939 0.900772 0.090121 0.195533
0 0.789439 0.905677 0.219864 0.186329
0 0.577810 0.828125 0.246613 0.206701
0 0.468997 0.948111 0.224880 0.103778
0 0.231385 0.918037 0.238876 0.163926
0 0.350431 0.778002 0.246354 0.209383
