1 0.566212 0.203008 0.374022 0.328094
0 0.061329 0.218224 0.122657 0.249450
0 0.217957 0.211585 0.165613 0.213985
0 0.332238 0.187192 0.146103 0.225153
0 0.942664 0.072316 0.114673 0.144633
0 0.859963 0.229940 0.202865 0.226378
0 0.939398 0.397808 0.121204 0.264630
0 0.277903 0.425286 0.234428 0.211867
0 0.078281 0.669917 0.156563 0.227668
0 0.201874 0.619286 0.238039 0.213531
0 0.461620 0.592246 0.214822 0.203068
0 0.840317 0.622358 0.216685 0.220512
0 0.675612 0.762331 0.219644 0.230218
0 0.687540 0.946988 0.207309 0.106024
0 0.503103 0.875782 0.186078 0.186861
0 0.304562 0.927911 0.224198 0.144179
0 0.091625 0.911469 0.183250 0.177063
0 0.469761 0.969529 0.171562 0.053763
