1 0.478978 0.697534 0.384781 0.328438
0 0.057044 0.049246 0.114087 0.098493
0 0.098960 0.065596 0.176922 0.131192
0 0.025723 0.207628 0.051446 0.136446
0 0.125539 0.251931 0.185637 0.207877
0 0.292255 0.151432 0.230535 0.228808
0 0.444071 0.124857 0.202632 0.209462
0 0.513000 0.107325 0.218010 0.202266
0 0.688647 0.043352 0.196955 0.086704
0 0.923251 0.043949 0.153498 0.079768
0 0.836402 0.152822 0.209832 0.215883
0 0.925658 0.198127 0.148684 0.200122
0 0.619797 0.315193 0.182123 0.197070
0 0.567631 0.431299 0.222255 0.208013
0 0.856530 0.368517 0.196704 0.195145
0 0.789366 0.473660 0.201636 0.202552
0 0.755868 0.580309 0.222885 0.193586
0 0.773946 0.708339 0.199589 0.188671
0 0.808548 0.883207 0.236687 0.224867
0 0.906109 0.883977 0.180454 0.232045
0 0.028918 0.581117 0.057836 0.201518
0 0.050273 0.735749 0.100545 0.219455
0 0.165307 0.554454 0.187231 0.259970
0 0.247129 0.499747 0.233758 0.203394
0 0.187394 0.781719 0.185360 0.215874
0 0.167967 0.947902 0.218358 0.104196
