1 0.608811 0.577586 0.327015 0.357600
0 0.086050 0.120587 0.172100 0.201839
0 0.070224 0.233796 0.140449 0.191336
0 0.052340 0.360414 0.104680 0.195427
0 0.143787 0.302996 0.194854 0.204252
0 0.194771 0.023581 0.161015 0.047161
0 0.377151 0.039320 0.194674 0.078640
0 0.260941 0.123939 0.224620 0.183061
0 0.322990 0.204111 0.211968 0.171928
0 0.162054 0.472716 0.192247 0.191397
0 0.055709 0.614461 0.111418 0.185615
0 0.098649 0.720036 0.197299 0.201865
0 0.118194 0.824095 0.236388 0.202077
0 0.348460 0.742110 0.166031 0.184589
0 0.289895 0.728527 0.155704 0.182295
0 0.070777 0.955794 0.141554 0.085753
0 0.294609 0.922643 0.220172 0.154713
0 0.338758 0.943190 0.191591 0.113620
0 0.452612 0.311776 0.194718 0.164851
0 0.524354 0.282873 0.200104 0.182625
0 0.676799 0.285247 0.170475 0.182281
0 0.678388 0.093180 0.222432 0.173060
0 0.799068 0.162215 0.178657 0.218023
0 0.901179 0.051537 0.197642 0.098951
0 0.950408 0.222152 0.099184 0.224576
0 0.929267 0.611628 0.141466 0.199404
0 0.919783 0.703493 0.142598 0.206124
0 0.560675 0.933252 0.206661 0.133495
0 0.608142 0.891649 0.200245 0.133548
0 0.759761 0.930432 0.191019 0.139136
0 0.964520 0.849235 0.070960 0.188508
0 0.936174 0.924632 0.127651 0.150736
