1 0.665232 0.693558 0.324301 0.330951
0 0.129679 0.057951 0.252119 0.115902
0 0.314371 0.062005 0.214160 0.124011
0 0.715078 0.067938 0.237944 0.135876
0 0.515032 0.138533 0.256937 0.266181
0 0.285159 0.246597 0.266578 0.229913
0 0.071267 0.226417 0.142535 0.251349
0 0.123439 0.414514 0.211453 0.176178
0 0.051661 0.582004 0.103322 0.236298
0 0.222914 0.524121 0.225336 0.260246
0 0.408926 0.436734 0.212980 0.244931
0 0.669163 0.343415 0.241987 0.231791
0 0.901049 0.115998 0.197901 0.201511
0 0.900944 0.329016 0.198111 0.216950
0 0.906811 0.537440 0.171045 0.213691
0 0.814419 0.535582 0.186616 0.253305
0 0.581145 0.495962 0.239093 0.218157
0 0.123070 0.743379 0.227397 0.218937
0 0.368995 0.754565 0.246076 0.246595
0 0.202984 0.887289 0.216380 0.214475
0 0.040831 0.832665 0.081662 0.221521
0 0.466642 0.891605 0.224972 0.212542
0 0.892619 0.843490 0.210040 0.226727
