1 0.611500 0.676109 0.336902 0.432211
0 0.101514 0.109685 0.203028 0.201394
0 0.223363 0.067192 0.200073 0.134385
0 0.531142 0.020445 0.165881 0.040890
0 0.424889 0.149411 0.217759 0.235564
0 0.277172 0.229749 0.205714 0.216914
0 0.089615 0.376971 0.179229 0.228047
0 0.906594 0.074520 0.186813 0.149041
0 0.964086 0.148272 0.071827 0.186800
0 0.719087 0.087080 0.232829 0.174161
0 0.713351 0.152185 0.215051 0.203900
0 0.879518 0.281464 0.234481 0.185725
0 0.298478 0.402586 0.213025 0.171232
0 0.435010 0.406600 0.175764 0.174266
0 0.482750 0.352062 0.176200 0.160923
0 0.546648 0.303443 0.161953 0.140902
0 0.684547 0.351325 0.212307 0.175865
0 0.969241 0.426032 0.061518 0.191455
0 0.970243 0.570478 0.059514 0.159707
0 0.912660 0.861676 0.174680 0.185778
0 0.955838 0.733278 0.088324 0.164617
0 0.722859 0.957903 0.221339 0.084194
0 0.075628 0.624293 0.151256 0.230927
0 0.207599 0.852062 0.190459 0.212245
0 0.063801 0.936221 0.125559 0.127559
