1 0.313180 0.538019 0.424495 0.379791
0 0.030733 0.093030 0.061465 0.184862
0 0.166984 0.131099 0.189724 0.165304
0 0.198373 0.081232 0.235714 0.162464
0 0.335411 0.223480 0.189433 0.189094
0 0.083289 0.324826 0.161196 0.249216
0 0.527260 0.125377 0.214020 0.203059
0 0.729029 0.141741 0.184470 0.211065
0 0.799711 0.025736 0.180850 0.051473
0 0.915287 0.149818 0.169426 0.215099
0 0.793647 0.371897 0.173090 0.213479
0 0.848242 0.323234 0.199681 0.193194
0 0.875806 0.543325 0.203750 0.186522
0 0.665287 0.560291 0.166361 0.174442
0 0.683865 0.656327 0.200971 0.212422
0 0.864514 0.745085 0.170228 0.191666
0 0.981678 0.800997 0.036645 0.171170
0 0.931797 0.950203 0.136406 0.099594
0 0.602994 0.820081 0.218054 0.258530
0 0.749450 0.929738 0.210127 0.140524
0 0.456978 0.972960 0.196722 0.054080
0 0.069595 0.643805 0.139189 0.213791
0 0.108853 0.746404 0.189169 0.162200
0 0.213604 0.830585 0.175605 0.177349
0 0.070878 0.962118 0.141757 0.075765
0 0.266369 0.935065 0.180084 0.120490
