0 0.105373 0.125175 0.210746 0.200568
0 0.162394 0.052876 0.227100 0.105751
0 0.298110 0.164158 0.183115 0.176078
0 0.523465 0.073309 0.240984 0.146619
0 0.374610 0.039243 0.173858 0.075057
0 0.683341 0.109790 0.190723 0.216827
0 0.692904 0.279885 0.193758 0.203294
0 0.761026 0.358778 0.212980 0.172367
0 0.875773 0.081163 0.214060 0.162326
0 0.912964 0.172098 0.167435 0.207072
0 0.065276 0.296310 0.130552 0.183006
0 0.178778 0.334860 0.211316 0.218107
0 0.052336 0.490615 0.104671 0.213198
0 0.020598 0.767868 0.041196 0.199561
0 0.069182 0.937767 0.138364 0.124467
0 0.404860 0.777560 0.208294 0.225063
0 0.520600 0.868986 0.229639 0.186648
0 0.606492 0.820686 0.199602 0.147198
0 0.776587 0.709171 0.259216 0.142599
0 0.805214 0.782515 0.177468 0.184268
0 0.900199 0.535165 0.197551 0.261605
0 0.576382 0.958686 0.224653 0.082628
0 0.825600 0.967310 0.163999 0.065381
1 0.475049 0.496948 0.392339 0.416401
1 0.162586 0.679649 0.269600 0.315157
0 0.963908 0.967658 0.072184 0.064015
