1 0.419429 0.742520 0.242738 0.316406
0 0.268496 0.085151 0.236366 0.159223
0 0.216282 0.178611 0.238722 0.195097
0 0.495466 0.115946 0.216438 0.207291
0 0.903251 0.021130 0.159615 0.042260
0 0.768591 0.157007 0.237515 0.247384
0 0.397352 0.337613 0.211858 0.216147
0 0.178029 0.368088 0.217002 0.198849
0 0.124577 0.496087 0.193163 0.227835
0 0.021484 0.627711 0.042969 0.242659
0 0.130796 0.660438 0.192987 0.233952
0 0.295501 0.615600 0.204543 0.249582
0 0.226609 0.863134 0.184237 0.253510
0 0.084731 0.879267 0.161896 0.207009
0 0.948032 0.339406 0.103936 0.197334
0 0.920276 0.556876 0.159447 0.221357
0 0.744169 0.517992 0.187711 0.209515
0 0.675136 0.639440 0.226778 0.237334
0 0.859241 0.778733 0.219485 0.229562
0 0.559675 0.955034 0.239585 0.089932
0 0.580111 0.892723 0.219208 0.154678
0 0.795329 0.933226 0.219278 0.122732
