1 0.395093 0.670796 0.336400 0.355922
0 0.066430 0.031525 0.132861 0.063050
0 0.274019 0.025292 0.185140 0.050583
0 0.033850 0.150217 0.067701 0.167656
0 0.038787 0.306024 0.077575 0.174689
0 0.569907 0.028876 0.213069 0.057753
0 0.914846 0.020747 0.170307 0.041493
0 0.187764 0.200870 0.200491 0.222555
0 0.405437 0.117601 0.214888 0.221269
0 0.721271 0.116846 0.217926 0.209788
0 0.301341 0.304141 0.195453 0.190627
0 0.341962 0.392213 0.205468 0.181797
0 0.749881 0.330175 0.214822 0.205825
0 0.926415 0.333055 0.137877 0.226787
0 0.669618 0.352710 0.192569 0.179868
0 0.080347 0.502402 0.160694 0.198831
0 0.190398 0.567518 0.123256 0.226012
0 0.034262 0.664107 0.068525 0.233353
0 0.087292 0.718402 0.174583 0.197162
0 0.038393 0.940655 0.076786 0.095067
0 0.255278 0.890920 0.208731 0.206754
0 0.341660 0.939026 0.154370 0.121948
0 0.599779 0.975354 0.249190 0.049293
0 0.908862 0.909408 0.182277 0.181185
0 0.828779 0.858120 0.167969 0.228597
0 0.949624 0.605462 0.100752 0.236942
0 0.801341 0.567793 0.178824 0.230596
