1 0.374885 0.767748 0.393567 0.377907
0 0.135816 0.096513 0.207097 0.193027
0 0.224039 0.089531 0.212276 0.179062
0 0.460669 0.065587 0.261503 0.131174
0 0.580303 0.067637 0.213637 0.135274
0 0.836351 0.064376 0.212391 0.128752
0 0.887531 0.156770 0.215892 0.207899
0 0.713051 0.211779 0.189499 0.199558
0 0.814224 0.331073 0.223652 0.211065
0 0.853974 0.448197 0.228505 0.212435
0 0.883266 0.551171 0.208647 0.212140
0 0.447948 0.232902 0.210607 0.198030
0 0.515156 0.262192 0.197986 0.218763
0 0.115849 0.282901 0.214848 0.233917
0 0.194150 0.407606 0.221410 0.201742
0 0.341722 0.430335 0.212924 0.211052
0 0.496820 0.509510 0.169347 0.207278
0 0.667691 0.536066 0.184171 0.212915
0 0.088809 0.514198 0.175416 0.179089
0 0.095263 0.636036 0.157849 0.201390
0 0.087893 0.733058 0.171294 0.206463
0 0.085843 0.909520 0.171686 0.173121
0 0.942965 0.758400 0.114070 0.198268
0 0.784890 0.713272 0.184554 0.222150
0 0.680240 0.739635 0.171800 0.200690
0 0.688526 0.857133 0.180507 0.216310
0 0.885345 0.944709 0.215209 0.110582
0 0.686780 0.955212 0.168735 0.084449
