1 0.476946 0.672972 0.367143 0.390695
0 0.043264 0.261567 0.086528 0.202037
0 0.124535 0.166135 0.201377 0.213575
0 0.349457 0.056398 0.227117 0.112797
0 0.569220 0.119596 0.227205 0.221692
0 0.703074 0.308589 0.187196 0.214698
0 0.375222 0.280418 0.218666 0.201205
0 0.224493 0.396432 0.225039 0.233913
0 0.143388 0.495433 0.195053 0.277049
0 0.044103 0.770033 0.088206 0.229020
0 0.197902 0.872340 0.209731 0.195268
0 0.959861 0.403018 0.080279 0.204825
0 0.951430 0.558446 0.097141 0.194313
0 0.933074 0.772469 0.133852 0.194476
0 0.953612 0.941752 0.092777 0.116496
0 0.720586 0.887952 0.216830 0.144324
