1 0.654651 0.772405 0.356275 0.370627
0 0.385818 0.098931 0.209022 0.197862
0 0.199175 0.031600 0.185923 0.063200
0 0.020588 0.083874 0.041176 0.153357
0 0.046923 0.287671 0.093847 0.217940
0 0.025465 0.490230 0.050931 0.159619
0 0.018162 0.635847 0.036323 0.108917
0 0.030109 0.713027 0.060219 0.160914
0 0.087463 0.983994 0.149534 0.032012
0 0.129664 0.850237 0.212717 0.217068
0 0.170459 0.771095 0.200337 0.213826
0 0.297243 0.552633 0.215733 0.230222
0 0.186626 0.528740 0.214791 0.241280
0 0.199034 0.326632 0.191155 0.192388
0 0.302367 0.289580 0.215650 0.220190
0 0.560780 0.064275 0.214306 0.128550
0 0.872494 0.018137 0.129888 0.030620
0 0.918894 0.063641 0.162213 0.127281
0 0.712946 0.177144 0.199567 0.190076
0 0.832194 0.199505 0.214875 0.207291
0 0.963906 0.300022 0.067670 0.190367
0 0.503977 0.408179 0.259953 0.237273
0 0.602846 0.370711 0.185866 0.241122
0 0.772678 0.463194 0.214888 0.218543
0 0.850072 0.477985 0.215645 0.206701
0 0.930819 0.681460 0.138361 0.224805
0 0.797049 0.912677 0.196092 0.174645
0 0.542328 0.973061 0.169272 0.048302
0 0.950027 0.900655 0.099946 0.198690
