1 0.558743 0.740190 0.376304 0.392312
0 0.027753 0.079957 0.055507 0.159914
0 0.184655 0.106748 0.214311 0.198822
0 0.107666 0.219391 0.204807 0.217750
0 0.432363 0.037666 0.233340 0.075333
0 0.894555 0.053347 0.202390 0.106693
0 0.686267 0.115807 0.238629 0.192032
0 0.459015 0.176563 0.282364 0.189310
0 0.295105 0.297835 0.217825 0.207899
0 0.075842 0.422828 0.151683 0.180370
0 0.082216 0.526045 0.164432 0.230271
0 0.335863 0.413012 0.223647 0.179401
0 0.533452 0.333736 0.184928 0.202773
0 0.787277 0.262069 0.224224 0.208987
0 0.956056 0.305793 0.087888 0.215253
0 0.957760 0.535942 0.084480 0.224418
0 0.668191 0.471538 0.236044 0.207318
0 0.785454 0.532010 0.222242 0.275935
0 0.306929 0.573237 0.276591 0.207705
0 0.366232 0.636281 0.226536 0.191855
0 0.074653 0.779761 0.149305 0.225999
0 0.170054 0.792528 0.181013 0.226633
0 0.463837 0.966524 0.228936 0.066952
0 0.913638 0.966216 0.172725 0.067569
0 0.713463 0.933856 0.234705 0.132288
0 0.810067 0.850466 0.223449 0.213201
