1 0.751079 0.481702 0.337135 0.404488
1 0.341962 0.746675 0.336448 0.374093
0 0.055209 0.067038 0.110419 0.134076
0 0.401787 0.035191 0.203852 0.070383
0 0.151020 0.174013 0.217416 0.224435
0 0.059063 0.350556 0.118126 0.242439
0 0.668900 0.107532 0.235833 0.208828
0 0.522303 0.130921 0.231649 0.228522
0 0.374956 0.228141 0.181960 0.213126
0 0.256960 0.291236 0.206406 0.188614
0 0.218624 0.388731 0.170761 0.161799
0 0.171505 0.492260 0.210268 0.214650
0 0.544180 0.311754 0.176702 0.183136
0 0.353676 0.462155 0.135287 0.178353
0 0.484886 0.423802 0.167735 0.143642
0 0.487026 0.567604 0.172051 0.214117
0 0.963065 0.780134 0.073871 0.134737
0 0.810855 0.785799 0.190605 0.177318
0 0.874441 0.961887 0.176235 0.076227
0 0.908644 0.940012 0.182713 0.114012
0 0.624773 0.875652 0.160147 0.142052
0 0.530453 0.907789 0.194238 0.154079
0 0.051105 0.616752 0.102210 0.173822
0 0.055386 0.747593 0.110771 0.211136
0 0.083707 0.802235 0.167414 0.201733
0 0.040668 0.955173 0.081335 0.089654
