1 0.477472 0.494033 0.334312 0.336554
0 0.061584 0.135424 0.123168 0.223436
0 0.106896 0.090614 0.213791 0.181229
0 0.192952 0.068881 0.193551 0.137762
0 0.502968 0.038706 0.176746 0.077412
0 0.375018 0.032065 0.141145 0.064129
0 0.722954 0.090595 0.232248 0.181189
0 0.933556 0.045188 0.132887 0.090377
0 0.106867 0.321096 0.213734 0.215086
0 0.393287 0.257108 0.223960 0.194793
0 0.606059 0.210669 0.199179 0.195894
0 0.657824 0.285324 0.186817 0.185721
0 0.912404 0.194663 0.168832 0.187892
0 0.890528 0.282587 0.205230 0.194956
0 0.894282 0.450571 0.211435 0.207661
0 0.059699 0.551796 0.119398 0.201553
0 0.037248 0.787182 0.074496 0.257751
0 0.140933 0.838393 0.212267 0.210422
0 0.220115 0.633885 0.210823 0.213708
0 0.259689 0.827528 0.207731 0.168207
0 0.106741 0.971703 0.203944 0.056594
0 0.329076 0.919197 0.217182 0.161605
0 0.851987 0.896973 0.231341 0.162834
0 0.928769 0.709379 0.142461 0.237282
0 0.508902 0.767080 0.216482 0.200029
0 0.541676 0.822953 0.211479 0.217495
0 0.734210 0.725922 0.211743 0.206873
0 0.761840 0.624769 0.213972 0.196427
