0 0.087791 0.062352 0.175582 0.124703
0 0.322435 0.050884 0.195710 0.101768
0 0.441469 0.060625 0.229639 0.121249
0 0.209792 0.172782 0.202741 0.204187
0 0.323153 0.246517 0.243706 0.163486
0 0.101699 0.371994 0.146219 0.176944
0 0.062394 0.474000 0.124788 0.186152
0 0.726178 0.110748 0.195720 0.190523
0 0.802300 0.090943 0.173569 0.181887
0 0.966069 0.080903 0.060606 0.161807
0 0.947183 0.123387 0.105634 0.214031
0 0.847835 0.318429 0.185643 0.210280
0 0.888798 0.425225 0.171947 0.216383
0 0.806848 0.648724 0.223250 0.253354
0 0.957492 0.667813 0.084013 0.235510
0 0.165531 0.722739 0.199827 0.181066
0 0.069896 0.880866 0.139793 0.199678
0 0.257601 0.825267 0.214550 0.178475
0 0.251145 0.923514 0.200801 0.145207
0 0.661514 0.977976 0.174602 0.044048
0 0.941077 0.927432 0.117846 0.145137
0 0.856643 0.957332 0.141684 0.085336
0 0.438674 0.981105 0.164859 0.037790
1 0.438674 0.981105 0.164859 0.037790
1 0.495492 0.584515 0.396824 0.327010
