1 0.425380 0.191686 0.252915 0.305749
0 0.072928 0.150778 0.145857 0.239417
0 0.232451 0.076808 0.219446 0.147548
0 0.725693 0.062326 0.233428 0.124652
0 0.920701 0.098964 0.158597 0.197928
0 0.181374 0.252109 0.225030 0.197056
0 0.169893 0.393551 0.221709 0.189063
0 0.076641 0.552803 0.153282 0.195198
0 0.544094 0.323303 0.240739 0.210999
0 0.749555 0.296772 0.189658 0.216755
0 0.861769 0.342964 0.149349 0.257535
0 0.972271 0.399977 0.055458 0.150565
0 0.485769 0.502217 0.215962 0.218050
0 0.267992 0.615983 0.209594 0.231323
0 0.029321 0.745488 0.058642 0.186941
0 0.092788 0.746294 0.185576 0.192639
0 0.342431 0.735192 0.211990 0.212439
0 0.564242 0.555452 0.204266 0.208784
0 0.787666 0.501704 0.220230 0.195374
0 0.906719 0.558675 0.186562 0.189592
0 0.912697 0.693586 0.174605 0.208057
0 0.585977 0.771953 0.215024 0.197285
0 0.661691 0.723046 0.189019 0.188209
0 0.923315 0.928265 0.153370 0.143470
0 0.817622 0.859157 0.197611 0.198153
0 0.797135 0.945504 0.225576 0.108992
0 0.566296 0.961140 0.211651 0.077720
0 0.550805 0.926506 0.224612 0.146989
0 0.132914 0.948351 0.239730 0.103298
0 0.189662 0.907459 0.250537 0.175966
