1 0.463893 0.612462 0.435069 0.380549
0 0.119500 0.139854 0.236427 0.226060
0 0.383874 0.101397 0.242945 0.180352
0 0.673024 0.032712 0.179793 0.065424
0 0.867527 0.055777 0.177151 0.111555
0 0.027929 0.357950 0.055859 0.157734
0 0.390555 0.254038 0.217402 0.194529
0 0.547630 0.332767 0.206882 0.212725
0 0.769522 0.279775 0.227346 0.257275
0 0.696493 0.498525 0.207749 0.230737
0 0.066761 0.565525 0.133522 0.238479
0 0.175777 0.574807 0.165833 0.265453
0 0.209326 0.807154 0.215482 0.217226
0 0.893305 0.578085 0.189988 0.222053
0 0.758268 0.751530 0.189918 0.192771
0 0.938936 0.879873 0.122129 0.211197
0 0.092158 0.913748 0.184316 0.165943
0 0.777245 0.927314 0.198928 0.145372
0 0.542623 0.974090 0.126440 0.051821
