1 0.490664 0.606691 0.354813 0.306938
0 0.070242 0.109796 0.140484 0.210915
0 0.093043 0.067027 0.162305 0.134054
0 0.285354 0.099766 0.186540 0.199531
0 0.368588 0.078165 0.192353 0.156329
0 0.573433 0.066754 0.203940 0.133508
0 0.924850 0.052428 0.150300 0.099783
0 0.810514 0.138965 0.188152 0.225849
0 0.732338 0.145764 0.182026 0.217913
0 0.076659 0.336411 0.153317 0.208467
0 0.135944 0.254617 0.198281 0.181295
0 0.516431 0.217627 0.247842 0.230341
0 0.953094 0.219620 0.093812 0.185857
0 0.941358 0.309151 0.117284 0.202460
0 0.617300 0.332337 0.193124 0.182369
0 0.679721 0.381971 0.211647 0.181528
0 0.814909 0.408969 0.193912 0.200654
0 0.957967 0.522372 0.084066 0.199919
0 0.923214 0.578739 0.153572 0.187566
0 0.823607 0.724605 0.201636 0.206045
0 0.984406 0.889799 0.031188 0.133284
0 0.880707 0.794832 0.232305 0.207987
0 0.751268 0.941873 0.233521 0.116254
0 0.722071 0.916830 0.213650 0.166339
0 0.350792 0.338309 0.202209 0.201024
0 0.276522 0.405057 0.175314 0.185879
0 0.249194 0.485075 0.212488 0.191173
0 0.203044 0.682081 0.230064 0.208035
0 0.077156 0.769683 0.150358 0.210625
0 0.086609 0.913673 0.173218 0.133557
0 0.321497 0.798601 0.201170 0.171135
0 0.308992 0.887474 0.202759 0.149842
0 0.410460 0.978232 0.244918 0.043537
