0 0.128947 0.076748 0.205094 0.153497
0 0.331211 0.036421 0.223536 0.072842
0 0.506010 0.136489 0.237652 0.235063
0 0.791013 0.156619 0.239754 0.207756
0 0.274456 0.212266 0.235437 0.198982
0 0.137054 0.262036 0.251855 0.194196
0 0.269265 0.398483 0.177568 0.146168
0 0.367137 0.383220 0.258979 0.218946
0 0.037499 0.419685 0.074998 0.169044
0 0.098903 0.564952 0.191917 0.211968
0 0.213934 0.631992 0.191142 0.212259
0 0.045387 0.727978 0.090774 0.205117
0 0.100979 0.868307 0.201958 0.194797
0 0.266174 0.856834 0.153793 0.207214
0 0.962437 0.098247 0.075126 0.196493
0 0.941231 0.387769 0.117538 0.244681
0 0.855858 0.570196 0.213950 0.192920
0 0.789999 0.407342 0.240670 0.180522
0 0.806417 0.866914 0.195253 0.180763
0 0.442434 0.929610 0.162353 0.140780
0 0.765436 0.959821 0.224607 0.080358
0 0.934273 0.666399 0.131454 0.194296
1 0.579210 0.629651 0.396332 0.435134
