1 0.533885 0.239070 0.398939 0.459898
0 0.533885 0.239070 0.398939 0.459898
0 0.104869 0.069061 0.209739 0.138123
0 0.098709 0.313626 0.197418 0.335381
0 0.237399 0.235510 0.182263 0.332072
0 0.836792 0.098670 0.208545 0.197341
0 0.960491 0.338260 0.079018 0.229411
0 0.852877 0.484977 0.230378 0.224703
0 0.345913 0.485143 0.190431 0.212018
0 0.645488 0.538171 0.188822 0.224935
0 0.143075 0.649103 0.209110 0.195896
0 0.384975 0.749995 0.199365 0.195859
0 0.586161 0.757302 0.183972 0.195440
0 0.790220 0.698519 0.213773 0.204789
0 0.941372 0.842221 0.117156 0.222091
0 0.759317 0.908169 0.225186 0.180946
0 0.418479 0.928794 0.244904 0.142412
0 0.160179 0.870588 0.215222 0.229963
0 0.971205 0.595168 0.057591 0.232105
