1 0.522887 0.655290 0.394553 0.393664
0 0.095093 0.045715 0.190186 0.091429
0 0.329636 0.046587 0.223048 0.093173
0 0.052160 0.186991 0.104319 0.206265
0 0.248080 0.145725 0.214029 0.208551
0 0.469706 0.168246 0.206498 0.219208
0 0.551109 0.140544 0.214298 0.214095
0 0.888914 0.084724 0.212422 0.169448
0 0.021099 0.413519 0.042198 0.133064
0 0.028557 0.504620 0.057114 0.157703
0 0.216348 0.358470 0.224400 0.199976
0 0.313394 0.467189 0.237845 0.183796
0 0.570553 0.350803 0.218534 0.183717
0 0.669893 0.400644 0.186866 0.173760
0 0.722601 0.307717 0.156959 0.174526
0 0.909130 0.304031 0.181740 0.233529
0 0.923425 0.403612 0.153150 0.182770
0 0.811218 0.536475 0.196105 0.220261
0 0.891977 0.801913 0.197558 0.214099
0 0.823301 0.770540 0.190358 0.207635
0 0.217744 0.665760 0.179155 0.195246
0 0.031565 0.749088 0.063130 0.181132
0 0.243945 0.813517 0.173769 0.208921
0 0.075038 0.929461 0.150076 0.128334
0 0.086512 0.892131 0.173024 0.145866
0 0.292881 0.936091 0.222335 0.127818
