1 0.349297 0.365389 0.378360 0.345375
1 0.226157 0.702453 0.338298 0.347559
0 0.059276 0.046115 0.118553 0.092231
0 0.176468 0.078165 0.265035 0.156329
0 0.481050 0.086369 0.163693 0.172738
0 0.542575 0.134609 0.168506 0.194176
0 0.722086 0.046380 0.224999 0.092759
0 0.903790 0.088258 0.192419 0.176517
0 0.754413 0.091733 0.223568 0.151776
0 0.968259 0.269582 0.063482 0.171421
0 0.712320 0.270758 0.203416 0.199994
0 0.635287 0.463219 0.185254 0.170545
0 0.850376 0.436969 0.232530 0.261639
0 0.913184 0.450850 0.156034 0.214764
0 0.972894 0.664375 0.054212 0.187077
0 0.864536 0.612290 0.188592 0.205847
0 0.624612 0.587884 0.220767 0.180762
0 0.492835 0.620301 0.228976 0.201064
0 0.069815 0.438409 0.139630 0.237920
0 0.039877 0.956040 0.079754 0.087919
0 0.097896 0.929291 0.195793 0.131130
0 0.307477 0.965777 0.224021 0.068445
0 0.508211 0.916634 0.214888 0.166731
0 0.692278 0.788763 0.210647 0.196387
0 0.748729 0.841839 0.251880 0.234384
0 0.866608 0.884774 0.208123 0.204776
