1 0.547701 0.448098 0.346573 0.355962
0 0.049548 0.077255 0.099096 0.154510
0 0.136395 0.088252 0.155823 0.176503
0 0.290947 0.045842 0.123969 0.091685
0 0.443307 0.088221 0.188095 0.176442
0 0.893259 0.110764 0.213483 0.205966
0 0.815354 0.130040 0.202685 0.187786
0 0.923090 0.351455 0.153819 0.241866
0 0.483871 0.169682 0.221221 0.181731
0 0.075487 0.286495 0.150974 0.188302
0 0.196682 0.281836 0.214144 0.194634
0 0.307044 0.346793 0.185545 0.226395
0 0.125687 0.435479 0.175521 0.224889
0 0.228031 0.498175 0.172452 0.191301
0 0.062493 0.599686 0.124987 0.203979
0 0.939660 0.643882 0.120680 0.244473
0 0.823142 0.866791 0.199826 0.192380
0 0.733457 0.810098 0.236167 0.154977
0 0.397202 0.671179 0.207938 0.210893
0 0.468983 0.756905 0.205961 0.226087
0 0.523288 0.939788 0.276432 0.120424
0 0.300942 0.896460 0.210634 0.207080
0 0.132513 0.751169 0.187791 0.174865
0 0.093942 0.832707 0.187883 0.192428
0 0.069628 0.967013 0.139255 0.065975
