1 0.484603 0.604404 0.274294 0.289568
0 0.065030 0.105172 0.130059 0.210345
0 0.356658 0.065360 0.222269 0.130720
0 0.603600 0.117987 0.215541 0.210432
0 0.829249 0.183790 0.218417 0.246025
0 0.767820 0.266559 0.219611 0.227556
0 0.933913 0.358771 0.125511 0.193776
0 0.691308 0.455543 0.202829 0.198745
0 0.736732 0.509966 0.235952 0.233851
0 0.350434 0.235526 0.231061 0.217487
0 0.473878 0.292878 0.209825 0.232816
0 0.077612 0.361624 0.155224 0.191133
0 0.265488 0.431112 0.224666 0.207059
0 0.237504 0.562947 0.222182 0.193116
0 0.052336 0.566017 0.104671 0.215491
0 0.047433 0.777624 0.094867 0.208754
0 0.220375 0.785459 0.182463 0.240460
0 0.315515 0.791642 0.207031 0.233381
0 0.144540 0.918814 0.235715 0.159837
0 0.390183 0.949747 0.210418 0.100505
0 0.583221 0.885208 0.249626 0.203458
0 0.802470 0.800606 0.176492 0.206858
0 0.832173 0.928655 0.205951 0.142690
0 0.949068 0.701439 0.101863 0.222861
0 0.963397 0.807115 0.071776 0.208554
