1 0.260142 0.758810 0.356187 0.415018
0 0.028691 0.097698 0.057383 0.195396
0 0.338954 0.075183 0.245165 0.150366
0 0.214212 0.177772 0.228196 0.228007
0 0.649618 0.043907 0.225972 0.087814
0 0.945632 0.039679 0.108736 0.079358
0 0.792867 0.158972 0.204041 0.237141
0 0.910057 0.166306 0.166093 0.200910
0 0.505344 0.276848 0.237550 0.227756
0 0.386340 0.273594 0.219789 0.218032
0 0.305947 0.403909 0.213976 0.233939
0 0.206602 0.452264 0.198268 0.211338
0 0.124328 0.514176 0.170197 0.178701
0 0.050248 0.879747 0.100497 0.226175
0 0.482376 0.541681 0.212091 0.241901
0 0.723046 0.378873 0.217301 0.220023
0 0.706373 0.499522 0.209797 0.195264
0 0.680198 0.613191 0.204517 0.207753
0 0.919721 0.449857 0.160557 0.208991
0 0.924123 0.531272 0.149701 0.212109
0 0.659465 0.816479 0.243887 0.229333
0 0.890980 0.821755 0.200302 0.198320
0 0.833214 0.970027 0.170761 0.059946
0 0.609873 0.964890 0.240998 0.070220
0 0.435538 0.942507 0.221626 0.102514
