1 0.410885 0.520965 0.237277 0.243443
0 0.076427 0.187053 0.152855 0.184774
0 0.069832 0.312123 0.139665 0.215346
0 0.142014 0.104337 0.224656 0.200139
0 0.443925 0.037622 0.205697 0.075245
0 0.755716 0.041526 0.230121 0.083053
0 0.310978 0.205345 0.181119 0.189420
0 0.498241 0.249066 0.187786 0.202746
0 0.575558 0.218177 0.214910 0.224722
0 0.858631 0.207185 0.188724 0.219913
0 0.885204 0.317959 0.229592 0.199007
0 0.958581 0.442029 0.082837 0.173553
0 0.619229 0.426856 0.213435 0.170545
0 0.659410 0.546133 0.232820 0.211691
0 0.633066 0.647405 0.222982 0.206626
0 0.214679 0.470646 0.144963 0.264070
0 0.093175 0.566527 0.183189 0.222965
0 0.112442 0.653112 0.215496 0.218957
0 0.286942 0.710570 0.207586 0.194806
0 0.064063 0.851197 0.128127 0.182629
0 0.062258 0.982992 0.124516 0.034016
0 0.228040 0.954017 0.197334 0.091966
0 0.188341 0.892409 0.211818 0.151705
0 0.365331 0.845179 0.225440 0.215126
0 0.509680 0.838600 0.183026 0.222445
0 0.884537 0.600953 0.218076 0.199589
0 0.845877 0.698880 0.203918 0.201214
0 0.960953 0.816739 0.078094 0.219670
0 0.918940 0.950318 0.158263 0.099365
0 0.816422 0.879060 0.184677 0.144395
0 0.719435 0.913122 0.208898 0.173755
0 0.594670 0.982336 0.151881 0.035328
