1 0.320456 0.579739 0.450602 0.444797
0 0.074155 0.056594 0.148310 0.113189
0 0.239523 0.110566 0.190935 0.221133
0 0.029444 0.203145 0.058889 0.143395
0 0.075395 0.338802 0.147037 0.232089
0 0.362929 0.179340 0.242258 0.194018
0 0.537926 0.073723 0.264445 0.147447
0 0.663999 0.206758 0.214861 0.229804
0 0.883669 0.102300 0.206010 0.203015
0 0.862964 0.385107 0.271790 0.228712
0 0.806522 0.550052 0.211629 0.216156
0 0.619618 0.560895 0.162063 0.256531
0 0.912554 0.740818 0.174892 0.270346
0 0.715700 0.801979 0.216367 0.281638
0 0.549922 0.789137 0.215289 0.266303
0 0.101703 0.846855 0.203407 0.254994
0 0.328288 0.866749 0.222758 0.179111
0 0.781426 0.954067 0.216249 0.080371
0 0.942661 0.978366 0.103923 0.043268
0 0.986438 0.888595 0.027124 0.106838
0 0.385867 0.970787 0.215355 0.058426
0 0.069000 0.956992 0.138000 0.082432
