1 0.416476 0.768386 0.271394 0.394175
0 0.051112 0.235154 0.102223 0.220520
0 0.124993 0.231187 0.151930 0.203081
0 0.116441 0.450205 0.209533 0.253003
0 0.389388 0.058112 0.133103 0.112154
0 0.478348 0.049240 0.130465 0.098480
0 0.565270 0.041562 0.087127 0.083123
0 0.754833 0.029839 0.115122 0.059677
0 0.845712 0.058123 0.131487 0.116245
0 0.924863 0.102560 0.150274 0.205120
0 0.939022 0.259312 0.121957 0.215469
0 0.696383 0.121512 0.185333 0.207080
0 0.538067 0.201370 0.222995 0.226127
0 0.412292 0.304494 0.252951 0.226316
0 0.343048 0.484340 0.204037 0.210559
0 0.268818 0.550321 0.179547 0.199095
0 0.020905 0.686480 0.041811 0.180229
0 0.132892 0.719536 0.183070 0.198734
0 0.770027 0.342854 0.245257 0.210783
0 0.877391 0.477164 0.229953 0.230469
0 0.646227 0.548758 0.220415 0.236044
0 0.967504 0.647207 0.064993 0.197862
0 0.044673 0.903848 0.089346 0.190067
0 0.096795 0.931308 0.193591 0.137384
0 0.299733 0.964166 0.189121 0.071669
0 0.659863 0.948461 0.201165 0.103077
0 0.781845 0.950496 0.183995 0.099008
