1 0.618927 0.846031 0.401071 0.307938
0 0.073325 0.192734 0.146650 0.226364
0 0.196836 0.089005 0.219085 0.178010
0 0.397499 0.025959 0.191129 0.051917
0 0.542614 0.065336 0.243266 0.130672
0 0.877825 0.038695 0.235154 0.077390
0 0.976182 0.132057 0.047637 0.174557
0 0.347608 0.217275 0.197356 0.209828
0 0.104473 0.428789 0.208947 0.228624
0 0.787147 0.155862 0.210576 0.203213
0 0.634900 0.248483 0.241747 0.246684
0 0.543715 0.400043 0.231438 0.203587
0 0.921602 0.346126 0.156796 0.230618
0 0.628988 0.527165 0.221820 0.202381
0 0.210433 0.603372 0.200135 0.198615
0 0.122102 0.746398 0.219058 0.205168
0 0.352668 0.682295 0.203469 0.189367
0 0.486432 0.707723 0.175160 0.186804
0 0.874287 0.732197 0.208145 0.240827
0 0.915280 0.570922 0.169440 0.197704
0 0.192018 0.915130 0.196466 0.169739
0 0.308213 0.944251 0.196356 0.111498
