1 0.352256 0.374141 0.599788 0.411508
0 0.116106 0.247019 0.232213 0.192459
0 0.025796 0.412358 0.049980 0.191314
0 0.897099 0.044418 0.205803 0.088835
0 0.669352 0.031342 0.232332 0.062685
0 0.554516 0.101371 0.239439 0.198963
0 0.718283 0.265028 0.212629 0.245477
0 0.884292 0.273951 0.213439 0.235657
0 0.964650 0.402901 0.070700 0.168409
0 0.877893 0.521735 0.241122 0.228240
0 0.160258 0.659560 0.215518 0.184087
0 0.425651 0.698301 0.225290 0.216165
0 0.560437 0.730156 0.190622 0.228941
0 0.787611 0.703625 0.219353 0.203306
0 0.157023 0.968851 0.228003 0.062297
0 0.153343 0.866084 0.262542 0.183268
0 0.312042 0.820848 0.210356 0.206036
0 0.524849 0.924103 0.195194 0.151793
0 0.771980 0.933565 0.255980 0.132870
0 0.755734 0.850021 0.246556 0.173355
